4
20
-1
-1
1417
1018
3426
697
727
3314
1650
2075
3131
1929
2429
1402
3311
3095
895
124
2524
397
1309
1728
433
2079
2951
2264
213
1997
1707
1074
2397
1926
51
3173
527
1614
2463
493
1107
2565
3316
2772
-1
2460
2794
1925
1042
2748
2416
1260
3233
97
2156
444
2806
2658
3387
1497
2686
2049
2454
652
1880
2692
1994
1013
2463
2054
2915
1451
1186
1945
829
2670
971
444
2458
2895
2389
2195
1238
2121
3433
2755
380
1352
3266
1336
2982
2521
328
1317
2676
259
1594
439
2097
747
992
1213
86
2806
990
676
2563
1749
2145
1565
-1
757
2352
1664
1591
1372
1638
2361
2644
2563
791
1607
2787
1729
1969
2328
2483
1653
490
28232
28737
25633
29411
30302
13740
24281
25129
41603
17494
47471
48213
18946
17178
23022
7497
2255
30269
43270
20583
38993
16871
4586
29970
12546
23045
26904
4910
20779
14844
18933
40313
19145
30577
-1
3710
36135
38798
43593
15299
39428
43677
14338
46331
43391
32677
2963
23417
6836
41228
15490
53305
12970
27983
43427
42991
20661
22425
49519
45936
23775
13855
22604
11460
8657
26661
14992
12440
49711
7615
41100
31362
39606
49083
29538
12733
26220
39296
14041
8564
49099
6904
7764
17528
9284
2732
33855
29026
41784
28159
23454
21143
20380
9584
19770
28545
18610
6970
7280
30710
48313
35820
11022
17198
1967
46615
10247
18086
40567
33542
3622
17224
48604
49834
28187
50237
48213
49252
23608
22653
21916
30950
35473
4493
22153
1702667
10024
3896
39287
1838775
53242
2200578
36822
176012
20508
77274
36204
793024
49439
1765448
39190
1201807
8756
1350920
40523
961657
20696
865327
22347
1281000
45410
1998016
39855
1546685
43947
2065749
10447
1499956
63138
223267
56648
1768322
61884
943666
28157
2111353
62632
1512436
40912
553711
51728
1926734
62617
982877
59749
2117317
26153
653090
56822
489612
53766
1932221
5474
1927541
14192
1384621
31077
1060907
20706
684425
3148
48189
22282
830973
31881
405851
12349
20093
55201
1404511
59657
1637400
12217
441713
50730
164663
1819
80217
792
408469
46141
1821945
44917
1867797
45818
790557
5882
186079
56985
425137
30638
1085550
7116
590292
9723
338291
56320
65742
26142
734410
35705
606201
9067
794284
56044
2103970
36070
1036473
35647
2004335
1570
665754
9128
341691
54765
623135
12002
1114304
26716
1542868
46904
2105136
60337
1266791
64085
1999749
34544
1893942
35994
819656
45108
1916020
10816
1224064
5730
399811
19432
1410497
36387
1146443
6107
22882
24031
1583782
18266
455702
27478
666472
52465
1055955
42048
1199051
46265
691900
10760
392778
53288
1008880
32474
385251
4241
992372
55249
50921
51878
1395542
58347
53351
6925
1871377
18119
1010167
10644
1064625
33457
1597328
47051
415877
60211
2045155
25743
1162852
46850
1281405
9434
763924
19333
387809
51438
1403942
11739
515709
39497
1553715
24210
1854387
38615
2026236
43288
1872595
50004
599879
23916
479160
37120
1174578
40161
416619
30741
1848994
45565
356499
28518
739829
39517
815294
3509
1755943
29233
2008932
37158
1580091
10327
1411492
63244
627999
1658
1274753
44840
458591
29173
1977006
16673
988029
493
1849403
10801
19308
6013
1492560
53933
1124302
10296
1686696
6951
-1
8336989
4188711
