4
16
-1
-1
178
165
188
178
198
198
188
190
196
193
193
192
188
195
171
88
198
109
194
199
155
192
190
187
104
192
193
189
189
182
51
198
172
193
196
159
189
197
194
195
-1
196
194
198
177
195
192
193
198
97
181
186
195
193
192
196
195
193
191
183
187
193
184
183
193
190
198
183
186
192
183
199
186
121
197
193
187
190
182
181
197
186
178
187
199
179
197
199
166
179
189
170
193
137
177
195
182
181
86
193
196
182
199
194
197
192
-1
191
191
196
193
186
193
194
190
198
190
192
196
183
195
190
184
184
179
299
299
295
299
299
298
298
299
298
299
299
299
299
299
297
286
295
299
299
299
299
297
289
299
298
299
299
295
298
294
298
298
297
299
-1
296
297
298
299
299
299
298
296
299
299
297
280
299
292
298
298
299
292
298
298
299
297
299
299
299
298
296
295
296
295
298
295
298
299
296
299
299
299
299
296
299
299
299
296
296
299
297
297
297
294
287
299
298
299
299
299
299
299
295
299
299
297
295
295
299
299
298
297
294
297
297
297
298
299
299
296
298
299
299
299
299
298
299
299
298
298
298
299
297
298
499
493
484
497
499
497
499
499
498
493
498
492
499
499
499
497
499
466
499
497
499
490
499
491
499
498
499
497
499
496
499
477
499
496
499
499
499
499
499
495
499
499
499
496
499
497
499
498
499
499
499
497
499
499
499
498
499
480
499
494
499
498
499
494
499
460
496
499
499
499
499
497
487
499
499
496
499
494
499
498
499
471
498
271
499
490
499
499
499
499
499
475
499
498
499
498
499
495
499
490
499
499
497
491
499
495
499
496
499
498
499
499
499
496
499
467
499
495
499
495
499
473
499
493
499
495
499
496
499
499
499
496
499
498
499
494
499
481
499
462
499
496
499
492
499
467
485
498
499
489
499
497
499
494
499
499
499
499
499
486
499
498
499
499
499
485
499
497
497
494
499
499
499
481
499
493
499
496
499
499
499
498
499
499
499
494
499
496
499
486
499
496
499
492
499
494
499
497
499
493
499
497
499
499
499
498
499
496
499
491
499
497
499
497
499
498
499
495
499
499
499
466
499
498
499
497
499
496
499
499
499
479
499
498
499
494
499
495
499
431
499
497
490
483
499
495
499
493
499
473
-1
499
498
